5.616818428039551
2.8895933628082275
2.327507495880127
7.84696102142334
2.9069159030914307
3.6252596378326416
4.355919122695923
1.9658937454223633
16.71296763420105
3.1988673210144043
14.751296758651733
7.667294979095459
1.328927993774414
2.6279590129852295
3.9850525856018066
6.98418664932251
2.6878514289855957
3.878329038619995
3.9771764278411865
1.970555067062378
1.6820299625396729
10.600406408309937
14.703372478485107
2.021432399749756
2.5264103412628174
2.6954538822174072
1.417546272277832
8.272833585739136
18.00543999671936
2.2635388374328613
2.8830082416534424
9.132744312286377
4.905516624450684
15.638514995574951
5.611215591430664
3.850170135498047
34.4399197101593
2.571913957595825
2.445034980773926
1.9751133918762207
4.181151866912842
2.4603991508483887
26.530518293380737
2.680083990097046
4.406754016876221
1.4382541179656982
2.344987392425537
8.886719226837158
11.347904682159424
1.9177577495574951
2.5743649005889893
6.923207521438599
3.283756971359253
12.447402954101562
4.146123170852661
4.533884048461914
5.171591520309448
2.8734920024871826
3.020305633544922
3.9329936504364014
2.637866973876953
2.7492196559906006
8.18709945678711
6.351089715957642
1.5834851264953613
1.9815020561218262
1.770958662033081
3.9896950721740723
9.959110260009766
6.006235361099243
3.177938461303711
7.248221158981323
2.3119146823883057
1.4835107326507568
6.4723732471466064
4.459625005722046
5.015684366226196
3.6664628982543945
6.280599355697632
5.861645221710205
1.4405899047851562
8.394834041595459
10.607435703277588
5.065028190612793
27.35989999771118
6.003377199172974
11.385921001434326
1.3918914794921875
3.849864959716797
9.564174890518188
5.1906657218933105
1.4104681015014648
6.428264856338501
6.160984516143799
6.9940431118011475
8.786453247070312
7.808759450912476
1.4034230709075928
4.001185178756714
9.161665916442871
2.433436393737793
1.3417730331420898
2.773860454559326
11.370438575744629
11.450674772262573
2.056565046310425
3.396883487701416
6.094642162322998
4.613959074020386
2.21504282951355
1.3458595275878906
1.39430570602417
3.2442965507507324
4.550525426864624
5.529392242431641
10.887795209884644
13.32401990890503
7.651685953140259
2.8301734924316406
1.9142062664031982
13.473363161087036
2.652735471725464
6.425364255905151
1.629894733428955
1.7400670051574707
1.4121997356414795
1.5016844272613525
5.070085048675537
7.415283679962158
5.688532829284668
4.349184989929199
1.4013476371765137
6.214752912521362
6.549186944961548
3.7096307277679443
1.514284610748291
8.746421813964844
1.4033596515655518
2.2135820388793945
1.571305751800537
7.554775953292847
5.132700681686401
3.98897385597229
1.3191404342651367
3.2407588958740234
2.391754388809204
5.484493732452393
1.9039442539215088
15.134653091430664
2.8781967163085938
3.062032461166382
6.169010877609253
2.3059587478637695
1.5626842975616455
8.298543453216553
3.682164192199707
15.834779024124146
2.5469777584075928
2.7501261234283447
6.390591382980347
3.113853931427002
1.256624698638916
10.326283931732178
1.8417255878448486
2.3722290992736816
3.647033214569092
1.758453130722046
6.697044134140015
5.5502002239227295
8.64445972442627
13.58302617073059
6.6052024364471436
7.271345376968384
4.576343297958374
4.576889276504517
17.696576356887817
10.70988655090332
15.42094874382019
7.6974570751190186
2.067075490951538
1.3892972469329834
1.724419355392456
9.658740758895874
4.31061863899231
4.730601787567139
10.24442434310913
2.805245876312256
1.5579206943511963
3.584963321685791
3.984529733657837
3.999706506729126
5.423155307769775
5.102308750152588
16.781188249588013
5.405925273895264
6.06470799446106
2.5975732803344727
1.3047199249267578
2.2015764713287354
12.378897666931152
4.602993726730347
3.7693965435028076
8.334217071533203
2.0847225189208984
1.3999083042144775
4.704596519470215
6.6834375858306885
4.496117830276489
1.640554428100586
1.5025360584259033
2.2255351543426514
10.797151803970337
5.669639587402344
3.54414701461792
6.044678688049316
12.476274013519287
5.620787143707275
3.4769766330718994
7.349585056304932
2.4501516819000244
2.400009870529175
2.3742215633392334
1.5173218250274658
1.5055229663848877
1.5918633937835693
3.203672170639038
4.049153089523315
2.147397994995117
2.0950722694396973
2.909064769744873
2.3813724517822266
5.522539377212524
1.3027665615081787
4.759463548660278
1.3266401290893555
2.5374433994293213
2.3808865547180176
2.0778942108154297
4.93218207359314
1.733062505722046
4.2828264236450195
1.2853596210479736
13.430656433105469
4.446999549865723
1.8553197383880615
10.951193809509277
2.1544241905212402
10.183352708816528
7.95465087890625
6.155664920806885
3.5234477519989014
3.3079042434692383
7.435276508331299
2.9534201622009277
9.22264313697815
4.917572975158691
12.464654684066772
3.7154746055603027
1.903282880783081
10.06273102760315
4.05105447769165
1.3486528396606445
3.9540905952453613
7.475851535797119
5.018080711364746
1.9945313930511475
1.4206335544586182
5.85253643989563
1.9876213073730469
3.5907092094421387
4.307013511657715
2.734645366668701
4.380469560623169
1.637524127960205
2.261835813522339
4.465048313140869
1.2520403861999512
2.204458236694336
13.126500368118286
3.5361225605010986
11.555680513381958
3.159519910812378
15.01174020767212
2.396712064743042
4.743680477142334
8.61082410812378
12.333086490631104
2.741102933883667
2.7029190063476562
6.329893112182617
6.0582520961761475
9.078132629394531
11.565394639968872
2.8004727363586426
4.123547077178955
3.2782037258148193
4.899576663970947
5.139569520950317
3.4578804969787598
1.3506324291229248