75,6,41,-4,-25,23,1.856616497039795
8,6,25,-5,-25,23,1.8368566036224365
66,7,37,-4,-25,21,1.2025120258331299
94,2,47,-2,-29,27,2.302142381668091
-120,1,42,-4,-28,8,1.708416223526001
-112,7,32,-2,-20,25,3.2572739124298096
106,6,20,-3,-12,25,1.9339301586151123
125,5,34,-5,-14,21,1.1374783515930176
170,9,16,-5,-13,5,1.678368330001831
-189,2,16,-4,-20,26,0.20844483375549316
193,4,23,-4,-10,19,1.080916166305542
-157,1,14,-4,-13,4,1.0199499130249023
-16,5,13,-4,-10,6,1.7256975173950195
2,7,47,-4,-19,8,1.0655417442321777
-52,3,11,-5,-16,17,4.809967041015625
-161,2,29,-5,-25,15,1.2805767059326172
-9,3,43,-2,-23,3,2.052706003189087
170,4,27,-5,-21,8,1.423821210861206
-189,7,10,-3,-14,21,0.21516823768615723
187,5,20,-3,-17,5,1.7937512397766113
122,9,30,-3,-23,3,2.3053982257843018
95,9,44,-1,-11,9,5.326742887496948
183,5,47,-3,-12,19,2.6875126361846924
79,6,45,-4,-23,21,1.1582415103912354
158,1,18,-1,-29,14,5.026612997055054
-148,1,32,-3,-19,26,1.8208575248718262
59,8,22,-2,-30,27,4.237584114074707
3,4,20,-3,-21,17,1.9555690288543701
77,5,48,-3,-18,22,1.3319778442382812
-42,2,45,-1,-12,21,5.583240270614624
115,7,45,-5,-17,13,1.082338809967041
-71,3,33,-2,-28,24,2.3120522499084473
-43,8,46,-2,-29,8,3.2412543296813965
119,6,23,-1,-23,12,5.628287315368652
138,9,45,-1,-10,19,6.347465753555298
-178,8,40,-4,-15,4,1.2945218086242676
41,5,46,-1,-25,6,4.743834972381592
-187,6,10,-4,-10,2,1.2749249935150146
188,2,18,-5,-24,5,0.9277908802032471
90,8,33,-3,-20,4,1.724031925201416
-26,6,36,-3,-27,17,1.517136573791504
-130,2,39,-3,-26,8,1.7579329013824463
11,4,50,-4,-26,19,1.3233451843261719
66,1,30,-4,-17,22,6.259529113769531
133,2,41,-3,-16,16,1.7739274501800537
-51,9,46,-2,-30,25,2.80527400970459
9,6,17,-4,-16,30,1.7029333114624023
62,9,16,-5,-26,2,1.2739577293395996
12,5,26,-2,-21,18,2.458308458328247
-67,7,31,-1,-13,4,6.006166934967041
-154,4,38,-4,-22,11,1.7619781494140625
128,5,41,-3,-30,12,1.417006492614746
-91,5,24,-3,-23,7,2.2696855068206787
-39,4,24,-1,-14,27,4.8752501010894775
158,3,10,-1,-14,13,5.089167356491089
163,2,18,-4,-16,8,1.4068517684936523
96,1,41,-1,-22,7,4.7923362255096436
-70,4,18,-5,-18,27,1.5792841911315918
22,4,13,-4,-17,26,1.3365669250488281
112,7,33,-2,-29,11,2.8274574279785156
-150,4,28,-1,-21,15,4.366304397583008
-17,7,37,-1,-23,26,5.063753604888916
-107,8,13,-3,-21,9,1.8348290920257568
-26,2,36,-3,-19,24,1.5668399333953857
-56,6,43,-4,-14,25,1.3680033683776855
-152,7,41,-5,-17,6,1.531785011291504
128,1,39,-4,-30,15,1.1299269199371338
-166,1,12,-1,-10,3,5.4394872188568115
40,3,46,-4,-14,28,1.3966748714447021
26,1,27,-2,-16,15,2.0498130321502686
-104,1,30,-2,-19,7,2.1915643215179443
-137,8,43,-4,-11,19,1.165203332901001
-31,9,33,-4,-20,8,1.2427949905395508
-14,4,47,-3,-19,22,1.527153730392456
-39,9,19,-4,-15,22,1.8815321922302246
-78,5,14,-2,-18,27,2.656467914581299
161,1,48,-4,-25,5,1.6845004558563232
111,9,48,-1,-26,18,7.106392860412598
-13,8,50,-2,-15,26,2.2866427898406982
-70,5,47,-5,-14,10,1.0494799613952637
-74,8,40,-5,-18,29,0.9608957767486572
-170,3,18,-1,-26,14,5.565191030502319
-77,8,18,-3,-24,16,1.7592568397521973
35,2,43,-1,-17,5,4.941261529922485
10,3,34,-1,-27,17,5.386716365814209
-128,7,41,-4,-24,2,1.5137081146240234
-188,2,16,-3,-10,5,1.7703559398651123
163,5,15,-1,-22,6,5.480836391448975
94,9,43,-1,-20,2,6.770571947097778
-89,1,13,-1,-29,29,4.1518049240112305
92,9,39,-1,-26,12,5.5284743309021
-87,8,23,-4,-17,12,1.3634300231933594
187,7,42,-1,-13,12,5.130610227584839
197,2,21,-4,-27,28,2.5255820751190186
-140,8,29,-3,-22,18,1.8929409980773926
-191,6,42,-2,-20,22,0.23279905319213867
-102,5,14,-4,-14,8,1.9087774753570557
-173,2,25,-3,-23,27,1.6757245063781738
53,1,49,-1,-23,5,3.3063251972198486
-101,4,19,-2,-28,22,2.2011702060699463
-122,2,17,-2,-21,5,3.155151605606079
161,1,35,-2,-14,29,5.697603702545166
-193,6,13,-3,-30,15,0.23740768432617188
139,2,38,-1,-17,22,4.264122009277344
70,1,43,-4,-20,28,1.6735260486602783
79,3,37,-4,-12,17,2.890364408493042
11,7,50,-3,-15,23,1.4981188774108887
104,7,35,-4,-15,25,1.3606135845184326
-66,2,15,-1,-11,22,6.339066505432129
-188,2,13,-1,-25,13,0.22294306755065918
-15,3,45,-1,-26,2,6.852807998657227
-193,3,45,-1,-16,25,0.2235698699951172
-73,6,22,-5,-30,29,0.9917874336242676
9,4,19,-2,-15,16,2.454185724258423
-146,5,38,-3,-21,26,1.9099335670471191
3,7,44,-5,-28,21,2.0038979053497314
169,4,20,-2,-23,21,2.272636651992798
141,9,10,-3,-29,23,1.8592393398284912
69,5,45,-5,-12,23,3.37693190574646
126,4,19,-5,-18,19,1.00087308883667
-108,7,26,-5,-29,2,0.9781985282897949
101,2,36,-1,-12,26,4.47270393371582
-171,6,27,-1,-16,13,5.352954864501953
7,9,47,-2,-11,22,2.5414505004882812
143,6,37,-4,-16,27,1.606886386871338
-10,1,14,-3,-28,17,2.751080274581909
163,9,30,-5,-12,13,1.2207655906677246
-181,5,44,-3,-30,23,0.21977710723876953
110,9,35,-1,-18,19,6.01540470123291
-105,2,46,-5,-21,18,1.3950467109680176
-40,6,42,-2,-17,28,2.3865344524383545
53,3,47,-2,-29,5,2.9897069931030273
54,1,41,-1,-25,12,6.0490498542785645
177,5,35,-5,-17,2,2.0946006774902344
178,8,45,-5,-27,19,1.3028039932250977
23,5,27,-1,-25,21,6.3353657722473145
-6,7,22,-4,-29,17,1.5305259227752686
118,9,45,-4,-11,30,1.3502521514892578
100,9,28,-3,-24,22,2.0750436782836914
-66,2,29,-3,-16,9,2.5253007411956787
141,5,50,-4,-12,29,1.1179711818695068
1,6,16,-1,-28,28,5.866507053375244
133,4,12,-4,-18,16,3.518700361251831
-113,4,27,-4,-29,14,1.5760531425476074
68,5,45,-1,-28,7,4.266553640365601
-171,1,40,-5,-10,9,4.575318813323975
-21,5,14,-4,-21,26,1.656898021697998
35,6,46,-1,-29,30,5.97535514831543
101,5,36,-3,-17,18,1.4165363311767578
-49,2,14,-3,-10,24,2.033731698989868
19,2,44,-3,-13,8,2.6518068313598633
-156,1,25,-4,-30,16,7.170277118682861
56,6,35,-4,-16,25,1.5259854793548584
42,8,28,-2,-25,3,2.9369475841522217
116,2,16,-5,-22,5,1.0405633449554443
-164,9,30,-3,-17,27,2.2564101219177246
-90,6,36,-3,-30,18,2.039438009262085
20,7,19,-4,-28,6,1.2257986068725586
-167,7,30,-2,-29,30,2.466200113296509
-15,6,14,-4,-23,6,2.4367949962615967
104,1,40,-2,-16,16,1.9764068126678467
-30,5,42,-3,-10,10,1.4094161987304688
-169,6,47,-1,-10,12,6.395463228225708
41,6,37,-3,-26,13,1.4336435794830322
-61,4,28,-5,-26,28,3.594045639038086
-110,7,48,-4,-17,9,3.9794394969940186
40,6,33,-4,-18,28,2.0965769290924072
137,6,46,-3,-23,23,2.848339557647705
73,7,19,-4,-27,14,2.175337314605713
111,8,40,-3,-10,12,2.950087070465088
-155,7,28,-3,-10,17,3.788133382797241
-66,2,37,-2,-23,23,3.717668056488037
175,9,16,-5,-29,13,3.7724480628967285
-1,7,35,-4,-29,16,2.6903939247131348
-94,3,29,-2,-11,22,2.870405435562134
-97,5,33,-2,-23,5,2.930753469467163
-191,8,11,-4,-17,9,0.36296892166137695
7,2,34,-2,-28,5,6.2396039962768555
195,5,48,-5,-19,2,1.421130895614624
-89,4,46,-4,-20,11,1.7255198955535889
174,5,49,-2,-30,2,3.202892303466797
86,4,36,-1,-20,26,6.5420801639556885
126,6,13,-1,-27,17,6.221515655517578
164,2,19,-1,-12,30,5.476843595504761
183,4,14,-4,-17,12,2.16084361076355
109,8,30,-4,-19,17,1.4099619388580322
171,7,12,-4,-15,23,1.5822951793670654
187,7,21,-3,-28,24,2.9312868118286133
-191,4,40,-4,-17,18,0.22551679611206055
164,8,27,-1,-16,26,5.2099292278289795
152,7,38,-1,-30,5,5.904602289199829
53,9,24,-2,-27,15,2.3551461696624756
-124,7,26,-2,-21,20,2.0759692192077637
80,8,47,-1,-24,9,5.606139421463013
81,4,18,-5,-10,5,1.5046167373657227
-82,8,42,-4,-14,11,1.2499089241027832
-80,4,32,-2,-21,25,2.2388839721679688
145,1,13,-4,-16,21,2.2673633098602295
136,9,36,-1,-29,7,6.000752687454224
182,6,38,-5,-23,10,1.1399602890014648
51,7,27,-4,-23,12,2.5657799243927
-104,7,11,-5,-14,17,1.1816844940185547
23,3,36,-2,-26,11,2.0110435485839844
141,6,44,-2,-29,13,2.292083740234375
-188,3,29,-2,-18,2,0.28629326820373535
113,3,30,-4,-29,5,1.154486894607544
-109,1,44,-4,-24,14,2.241102457046509
-101,6,20,-4,-23,24,2.0867562294006348
54,2,16,-3,-18,18,2.6490182876586914
-109,9,21,-2,-14,5,2.4902503490448
-36,9,36,-1,-18,17,6.0464911460876465
-163,4,41,-3,-28,13,1.439077615737915
-64,3,41,-4,-21,27,1.146817684173584
-68,1,38,-5,-28,2,1.273320198059082
88,4,19,-3,-21,14,2.1709723472595215
0,6,19,-1,-23,30,5.813742637634277
-80,5,23,-1,-13,26,5.784372806549072
170,7,29,-2,-25,27,3.158080577850342
95,1,13,-2,-10,20,2.183175802230835
-50,4,10,-2,-17,11,3.0582973957061768
116,5,48,-2,-11,21,2.209594249725342
37,9,14,-5,-30,23,5.264692544937134
193,1,18,-3,-26,15,1.856727123260498
190,7,31,-4,-18,9,1.5885114669799805
58,4,12,-4,-11,26,3.5022852420806885
87,3,42,-1,-10,5,4.8694024085998535
153,8,24,-4,-25,12,1.1783738136291504
45,3,18,-2,-12,10,4.0312957763671875
194,5,37,-2,-24,29,2.3143675327301025
96,6,38,-1,-10,28,4.772725343704224
140,5,11,-5,-17,2,1.4315440654754639
-192,1,43,-2,-15,23,0.2740664482116699
111,6,30,-2,-28,23,2.419309139251709
57,4,45,-3,-11,21,2.0056071281433105
-111,3,44,-5,-17,6,1.1633598804473877
-118,8,25,-5,-29,13,1.7433621883392334
87,3,43,-1,-13,4,5.540168523788452
-167,9,48,-3,-19,29,1.642287015914917
-147,5,33,-5,-19,7,0.9706099033355713
93,3,50,-4,-22,7,1.5198113918304443
-139,4,22,-1,-27,25,7.860228061676025
-26,7,13,-2,-28,20,2.5498886108398438
41,7,20,-1,-11,5,5.6112730503082275
132,8,46,-2,-30,23,2.37412166595459
-51,4,15,-3,-22,21,1.6764023303985596
36,6,11,-2,-23,28,2.4348278045654297
-103,3,13,-4,-25,29,1.7577297687530518
33,3,43,-5,-27,30,1.081233024597168
75,2,32,-3,-19,5,1.3668677806854248
151,7,32,-2,-20,13,2.6541829109191895
45,9,12,-2,-14,18,2.779726505279541
198,8,43,-1,-11,14,7.289388656616211
-28,7,33,-4,-26,22,1.1083145141601562
-86,6,21,-1,-13,3,6.246600866317749
124,7,35,-2,-17,11,3.3871397972106934
52,5,29,-1,-14,6,5.7935755252838135
29,2,11,-5,-12,25,13.920451402664185
-176,8,11,-1,-13,9,7.5624823570251465
-184,9,49,-5,-12,15,1.176311731338501
-140,8,29,-2,-28,29,2.992943286895752
18,9,42,-3,-23,20,1.5369081497192383
58,5,18,-4,-27,14,2.2185757160186768
-10,9,18,-5,-13,11,1.0582971572875977
160,9,33,-4,-28,26,2.10138201713562
-133,7,10,-5,-20,16,3.2444779872894287
-105,2,11,-1,-14,28,5.960724830627441
82,8,17,-3,-18,27,3.2383346557617188
67,6,48,-2,-12,25,1.9814515113830566
-125,8,50,-4,-29,19,1.2362205982208252
-138,4,39,-2,-15,4,2.1544089317321777
-93,1,25,-3,-15,26,2.699371337890625
-175,9,40,-4,-18,5,1.2698438167572021
82,8,29,-4,-10,30,1.837141752243042
-147,1,20,-5,-14,13,5.016712188720703
119,6,18,-2,-10,14,3.0817766189575195
124,9,34,-2,-25,7,2.6470391750335693
46,9,21,-2,-27,22,2.978714942932129
178,1,21,-3,-23,28,2.776113510131836
-125,8,47,-3,-29,8,1.7773547172546387
-107,2,20,-4,-22,16,1.3489415645599365
-161,6,34,-5,-22,13,1.0859730243682861
197,4,20,-4,-15,14,1.5840375423431396
-63,4,13,-1,-18,23,6.589060544967651
-106,2,46,-1,-16,11,3.8251101970672607
115,6,39,-1,-13,24,5.147887229919434
-118,7,45,-3,-27,6,1.9150326251983643
-47,2,30,-4,-10,11,1.4449889659881592
133,8,12,-1,-24,14,6.705618381500244
-123,5,45,-1,-23,11,4.6185243129730225
124,3,45,-4,-24,4,1.221550464630127
-67,5,23,-5,-25,17,1.7261829376220703
62,1,45,-5,-14,3,4.89108943939209
127,8,40,-2,-28,25,2.1279373168945312
-170,3,13,-1,-25,2,5.351843595504761
196,8,18,-3,-18,14,1.6123230457305908
-73,7,14,-5,-10,11,3.905127763748169
-43,2,43,-5,-24,23,1.3517234325408936
92,1,33,-2,-14,5,4.68461275100708
95,9,26,-2,-29,4,2.6294493675231934
76,6,48,-4,-10,25,1.2198970317840576
138,3,32,-4,-22,13,1.4397623538970947
-109,6,20,-2,-10,18,2.2225124835968018
-69,8,37,-1,-22,22,5.889936923980713
137,7,22,-2,-15,7,2.5597727298736572
-23,5,25,-5,-24,11,1.571150541305542
198,2,31,-1,-12,22,4.502405166625977
-111,9,42,-5,-16,24,1.6827354431152344
-58,6,39,-2,-30,16,3.028139352798462
-18,4,17,-2,-30,4,2.223130464553833
-146,8,45,-2,-12,27,2.4738895893096924
-134,2,50,-2,-18,20,1.9569993019104004
-163,6,28,-2,-13,6,2.4635565280914307
-15,5,13,-5,-11,9,2.2300608158111572
49,1,22,-5,-23,24,1.0794837474822998
-150,6,44,-3,-20,25,1.4461603164672852
187,4,44,-5,-22,23,1.718648910522461
183,8,27,-2,-28,3,2.758129358291626
-114,3,26,-2,-18,11,1.984539270401001
196,9,35,-2,-25,15,3.0013844966888428
116,9,48,-1,-22,28,5.193416357040405
13,7,37,-1,-28,3,5.238807439804077
149,8,14,-1,-21,2,6.507899761199951
120,4,22,-1,-28,20,5.373658180236816
98,6,45,-2,-26,26,2.5273020267486572
-57,8,43,-1,-25,22,6.888818264007568
102,1,34,-1,-15,14,4.4239819049835205
-2,4,17,-2,-17,26,4.389312982559204
14,3,12,-5,-22,19,2.525214195251465
-154,2,31,-4,-26,11,1.8957676887512207
-153,4,21,-1,-21,14,4.734266042709351
-181,3,35,-2,-10,22,3.4487898349761963
-176,1,15,-5,-28,20,0.2221674919128418
-134,8,49,-1,-13,8,5.700204133987427
-16,6,18,-1,-16,28,5.412763357162476
-48,6,44,-4,-29,29,1.388171672821045
-192,9,50,-4,-19,15,0.2142164707183838
-145,7,27,-4,-28,30,1.2019429206848145
-88,4,44,-2,-24,27,2.9541709423065186
17,9,18,-1,-13,21,5.926501512527466
126,4,17,-3,-17,12,1.8343403339385986
-86,8,20,-1,-19,13,6.366505861282349
49,4,42,-2,-21,25,2.1589725017547607
-18,6,36,-1,-14,25,5.6776347160339355
13,5,46,-5,-29,26,1.670717477798462
-37,4,10,-1,-11,24,5.636875152587891
125,5,40,-3,-15,29,1.9559943675994873
88,2,27,-1,-27,20,5.635850429534912
147,2,23,-2,-18,16,3.0129177570343018
-83,9,46,-5,-20,7,1.2361869812011719
105,3,29,-2,-22,22,2.911451816558838
199,8,42,-5,-23,9,1.227553129196167
-122,9,35,-4,-11,12,1.251676321029663
-154,9,32,-1,-22,30,6.516680955886841
-153,4,26,-4,-23,15,1.1315107345581055
-154,8,19,-1,-20,3,6.576661825180054
-184,5,28,-1,-30,5,0.1960430145263672
-114,3,29,-4,-17,22,1.138373613357544
-4,8,29,-4,-15,5,1.1411337852478027
73,4,45,-4,-25,21,1.1932432651519775
-67,3,44,-2,-15,8,2.9689714908599854
66,4,35,-3,-10,3,1.9713060855865479
80,5,36,-2,-29,4,3.014601230621338
-91,3,15,-2,-13,16,4.138346910476685
-51,8,34,-1,-13,3,5.3499228954315186
-46,2,22,-3,-24,2,1.7822916507720947
8,6,11,-1,-23,26,5.534626007080078
-85,3,21,-3,-24,10,8.23499083518982
117,7,15,-1,-11,9,5.9835240840911865
-131,4,34,-1,-30,19,6.579881906509399
-167,4,19,-5,-24,2,1.4527363777160645
73,4,40,-1,-27,16,4.960707902908325
-68,1,13,-3,-12,30,2.1900484561920166
-162,9,10,-3,-26,3,2.3510570526123047
-92,9,42,-4,-11,23,2.079563856124878
77,3,31,-5,-11,6,3.3715240955352783
-24,1,42,-5,-25,21,0.9456000328063965
163,2,10,-5,-29,26,2.339259624481201
-33,4,13,-4,-27,20,1.2066175937652588
-94,5,40,-3,-10,15,1.592522144317627
-107,3,10,-4,-17,18,1.3606479167938232
8,8,23,-4,-14,3,1.4229235649108887
-63,2,28,-5,-22,24,1.0496211051940918
-59,2,49,-3,-15,8,1.5311357975006104
-99,4,13,-4,-28,22,1.2975585460662842
3,3,33,-5,-27,15,3.8155226707458496
-165,7,14,-2,-18,21,2.8931117057800293
-39,9,41,-2,-14,13,2.5582964420318604
-149,1,45,-2,-26,28,2.1858274936676025
170,1,16,-4,-13,17,4.024580001831055
102,7,38,-5,-26,13,0.8931915760040283
-154,8,28,-1,-15,6,6.711578607559204
-67,8,22,-4,-10,22,1.6946306228637695
-176,1,37,-1,-21,22,4.716860771179199
196,1,46,-1,-16,14,5.490771532058716
59,7,38,-2,-14,10,2.3441693782806396
-199,3,11,-4,-12,2,0.2086200714111328
88,3,33,-1,-16,2,4.026136159896851
188,7,46,-2,-29,17,2.9513442516326904
-133,1,24,-3,-17,3,2.232630729675293
-185,6,11,-5,-27,16,0.2109527587890625
29,5,41,-1,-19,25,5.083019018173218
-159,7,46,-4,-13,27,1.153770923614502
179,5,30,-2,-11,3,2.1834707260131836
170,8,40,-2,-14,17,2.5338876247406006
-173,2,17,-5,-11,12,18.062198162078857
-80,8,38,-5,-29,10,1.0581772327423096
173,1,25,-2,-26,3,1.9423081874847412
-46,5,24,-2,-15,19,5.563886404037476
-109,3,40,-1,-12,21,5.663880109786987
-73,4,37,-3,-17,30,1.5046839714050293
-110,7,42,-3,-25,10,1.5210809707641602
-152,7,17,-1,-21,19,6.094778299331665
30,8,48,-4,-21,28,1.0615310668945312
124,8,50,-3,-20,3,1.6157658100128174
-175,7,44,-5,-13,29,1.248117446899414
-133,3,25,-3,-24,22,1.4865751266479492
175,1,24,-4,-26,21,1.1853482723236084
-144,1,28,-5,-13,10,0.9608151912689209
-185,2,41,-1,-15,19,0.19166040420532227
175,2,10,-3,-17,17,2.605534315109253
119,1,47,-1,-24,27,4.239542484283447
-78,9,23,-3,-27,16,2.111438035964966
-159,9,43,-2,-29,9,2.840364933013916
42,1,48,-5,-29,22,1.2031605243682861
182,2,17,-5,-17,17,2.2087836265563965
-121,8,16,-4,-13,18,1.2193365097045898
86,8,32,-1,-13,7,6.267922401428223
-145,4,35,-1,-10,6,4.917883396148682
-44,2,32,-1,-18,18,5.792985916137695
-146,1,25,-1,-11,28,6.863142967224121
-19,8,13,-1,-11,17,6.338683366775513
-128,4,28,-4,-21,13,1.233729362487793
-46,5,19,-3,-19,11,1.3655943870544434
148,3,33,-3,-20,28,1.3683204650878906
-182,9,16,-2,-11,10,2.3302550315856934
-189,1,30,-3,-18,27,0.2243664264678955
-100,6,24,-1,-20,18,7.344489097595215
-142,8,48,-3,-28,19,1.4532616138458252
171,3,22,-3,-23,18,1.8381450176239014
193,2,32,-5,-13,2,1.1278152465820312
-153,7,20,-3,-22,23,2.066732883453369
-4,3,26,-1,-12,29,4.7756781578063965
64,2,30,-1,-28,22,9.819320440292358
-151,5,10,-4,-13,30,2.0248935222625732
-69,7,11,-3,-29,20,3.057544469833374
189,1,49,-1,-23,7,3.884885311126709
143,1,10,-2,-23,6,2.1254029273986816
46,5,31,-1,-16,16,7.116553068161011
-98,4,33,-3,-15,16,1.645164966583252
107,8,26,-2,-14,20,2.6139650344848633
56,8,12,-4,-29,26,1.8797788619995117
5,7,24,-3,-11,13,1.5048463344573975
106,2,38,-5,-10,22,4.521496057510376
51,4,28,-3,-20,25,1.4652609825134277
-23,9,23,-4,-20,26,1.4798595905303955
156,4,18,-5,-25,21,1.167365312576294
-195,5,45,-3,-23,22,0.1874377727508545
130,2,50,-4,-21,3,0.9899945259094238
80,2,30,-2,-30,6,4.6828529834747314
-138,4,11,-2,-25,23,2.2019739151000977
169,1,50,-1,-16,7,4.788660764694214
61,7,42,-3,-19,27,1.6663625240325928
-28,8,11,-2,-15,28,3.1865394115448
-196,2,40,-4,-21,27,0.2109823226928711
76,9,10,-5,-28,21,1.420508861541748
-172,8,49,-4,-24,3,1.4840998649597168
-184,4,19,-5,-20,24,0.2184150218963623
69,2,49,-1,-20,24,3.848149538040161
183,9,38,-2,-21,5,2.7880115509033203
-175,5,31,-3,-19,22,1.6072378158569336
-186,3,36,-4,-27,12,0.20909476280212402
124,2,13,-5,-27,14,7.727919101715088
-54,4,32,-5,-12,24,3.368349313735962
-169,2,40,-2,-12,18,2.9456286430358887
-136,9,18,-4,-17,20,1.2742409706115723
65,6,32,-3,-14,12,1.6688103675842285
-176,2,14,-2,-15,14,2.0794665813446045
64,2,46,-2,-28,28,2.0250871181488037
16,7,47,-3,-22,16,2.0598232746124268
68,2,26,-5,-13,10,2.0591936111450195
-140,4,42,-5,-16,28,1.028123140335083
44,6,19,-5,-23,13,1.869385004043579
-111,5,48,-2,-24,7,2.8217897415161133
-78,3,47,-5,-13,18,0.9655661582946777
-106,5,23,-5,-13,21,1.1864380836486816
80,5,15,-3,-18,20,2.0497798919677734
-167,6,14,-2,-23,7,3.361470937728882
-52,3,33,-2,-13,29,2.421701669692993
-93,7,47,-4,-23,16,1.330575942993164
-160,8,30,-3,-15,11,1.823049545288086
-61,5,28,-3,-14,17,2.6212196350097656
48,5,48,-2,-19,9,2.378032922744751
144,2,28,-2,-13,18,2.7205986976623535
24,3,21,-4,-30,29,2.897087574005127
80,6,38,-4,-28,29,3.341914415359497
125,1,46,-5,-21,29,2.396635055541992
-190,8,44,-4,-28,3,0.21012187004089355
-16,5,14,-5,-10,25,4.353386878967285
162,6,35,-4,-11,20,1.4841575622558594
-77,9,26,-1,-29,16,8.192114114761353
79,7,44,-5,-20,17,1.2835702896118164
10,9,37,-2,-11,5,2.5652377605438232
-27,9,31,-4,-16,23,1.2820849418640137
120,1,18,-2,-27,21,3.900798797607422
-187,1,18,-4,-14,6,0.2131214141845703
193,5,49,-4,-25,5,1.2265465259552002
108,7,43,-3,-18,27,1.5776798725128174
177,9,46,-4,-10,15,1.6515576839447021
-121,3,45,-5,-24,26,1.2859601974487305
58,5,39,-5,-30,29,1.2849938869476318
-99,1,38,-1,-13,25,3.7732279300689697
-83,1,24,-2,-26,3,3.486431360244751
91,1,37,-4,-18,28,4.877104043960571
-180,5,36,-2,-23,5,0.21617913246154785
149,3,20,-1,-23,30,5.124362230300903
-122,7,46,-5,-18,9,1.501244306564331
79,6,23,-4,-11,17,1.2957637310028076
-11,9,32,-5,-27,7,1.556656837463379
-94,3,18,-4,-20,13,2.0575332641601562
149,6,33,-5,-17,30,1.3959310054779053
-27,6,11,-4,-26,17,1.4846208095550537
146,9,46,-2,-23,14,2.5568268299102783
33,4,10,-1,-15,16,4.939489126205444
-171,7,47,-5,-27,14,0.9135501384735107
-117,5,11,-2,-29,5,2.635684013366699
40,4,29,-2,-24,22,2.5692837238311768
50,8,35,-4,-12,8,1.1499762535095215
149,2,30,-3,-29,6,1.8004882335662842
24,8,19,-4,-30,18,1.4906272888183594
-196,8,21,-3,-16,24,0.20017600059509277
92,1,32,-1,-14,22,4.536207437515259
67,4,32,-3,-19,19,1.9442028999328613
116,7,33,-4,-28,8,1.067162036895752
-22,1,20,-3,-11,27,1.446662425994873
167,8,48,-5,-16,13,1.0538344383239746
143,2,18,-4,-11,27,1.444988489151001
-85,7,17,-3,-28,4,1.6390981674194336
42,8,14,-1,-25,28,5.574281454086304
45,2,23,-5,-10,10,2.2682483196258545
-25,2,13,-3,-12,25,1.4740142822265625
-127,2,38,-5,-14,9,1.3370139598846436
-68,1,45,-2,-24,25,2.0200376510620117
-107,1,32,-1,-17,7,4.307454586029053
133,2,10,-5,-26,9,2.038454532623291
-173,8,33,-2,-29,26,0.19594287872314453
-164,7,40,-4,-15,26,1.713838815689087
30,5,46,-2,-10,16,2.2031588554382324
38,6,45,-2,-25,17,2.0415444374084473
97,1,34,-3,-10,9,1.9114315509796143
-117,7,27,-4,-28,22,2.1559150218963623
192,9,48,-2,-29,24,3.5528180599212646
-45,7,19,-5,-16,27,1.5910451412200928
109,4,40,-5,-14,2,1.9728317260742188
-48,2,24,-2,-27,23,5.581496000289917
7,4,33,-1,-15,30,4.6480467319488525
52,5,46,-3,-25,25,1.9428775310516357
-1,1,32,-5,-17,13,1.8571357727050781
36,2,17,-3,-28,14,2.6985764503479004
169,1,22,-3,-11,2,2.383211612701416
50,6,47,-5,-26,19,0.9116525650024414
68,5,22,-2,-26,13,3.1053245067596436
-163,4,47,-4,-10,18,2.2592551708221436
-22,2,11,-1,-23,4,4.517615556716919
-12,9,26,-1,-23,25,6.036263942718506
94,5,30,-1,-24,12,4.645386457443237
18,5,19,-5,-11,30,1.0549163818359375
58,2,24,-3,-12,11,10.614271640777588
-41,2,22,-5,-24,23,4.676224946975708
-111,5,43,-1,-26,11,5.221843719482422
168,5,13,-1,-23,9,6.556612014770508
95,8,12,-1,-11,28,8.700087070465088
192,2,38,-5,-30,9,1.1368420124053955
13,8,36,-4,-20,16,1.2545671463012695
-59,3,27,-1,-25,17,5.78058385848999
39,4,16,-4,-30,25,2.35652756690979
194,9,36,-5,-18,17,2.514528512954712
-57,1,47,-3,-15,9,1.76350736618042
-97,7,35,-4,-21,2,1.1819803714752197
-90,8,11,-3,-20,7,3.0163819789886475
-105,1,20,-3,-13,5,2.4206008911132812
-113,1,29,-4,-12,16,4.6759233474731445
69,8,30,-1,-22,21,6.099499225616455
-87,2,27,-5,-19,6,1.6704983711242676
-107,9,25,-2,-26,29,2.2990481853485107
-135,7,22,-3,-12,4,3.1353015899658203
197,9,37,-3,-26,9,1.6862914562225342
-109,9,14,-3,-24,7,2.073214530944824
63,7,36,-3,-17,14,1.5803565979003906
32,9,37,-1,-15,10,6.618585586547852
196,4,33,-1,-28,23,5.53697943687439
49,2,45,-1,-25,10,4.186511993408203
101,3,22,-3,-12,15,2.3499772548675537
99,6,28,-2,-14,14,2.2518603801727295
55,3,38,-5,-25,16,1.2357208728790283
10,3,22,-2,-16,16,2.116250991821289
-36,7,20,-4,-17,8,1.7293236255645752
8,4,23,-5,-12,21,1.8087329864501953
179,7,12,-5,-17,4,0.923072338104248
-59,7,17,-3,-29,4,1.4333844184875488
28,5,18,-1,-12,19,5.526740789413452
-75,5,20,-4,-23,23,1.1489784717559814
-115,6,46,-3,-25,26,1.8345766067504883
-60,8,16,-1,-15,19,6.352078437805176
118,4,48,-2,-19,4,2.1056015491485596
182,9,22,-3,-17,19,1.6495800018310547
-67,2,16,-1,-27,10,5.47534704208374
99,9,46,-5,-23,4,1.200186014175415
39,9,19,-2,-14,22,2.477942943572998
-97,2,41,-2,-26,25,2.620734214782715
28,8,18,-3,-14,6,2.2962112426757812
-24,1,43,-3,-22,13,2.861377716064453
-76,1,20,-3,-21,3,2.9821114540100098
-106,5,18,-3,-23,12,1.6597728729248047
-140,8,42,-1,-11,18,5.409942865371704
17,7,43,-5,-30,28,0.9792923927307129
-139,3,21,-5,-25,23,1.6694579124450684
57,9,28,-3,-13,15,2.5739970207214355
-169,1,15,-5,-25,13,1.7585773468017578
25,2,50,-4,-11,4,1.414651870727539
-156,4,21,-4,-18,27,1.8240528106689453
-30,4,35,-1,-22,22,5.708865404129028
127,8,32,-5,-26,23,0.9498660564422607
98,7,22,-1,-17,8,5.9897496700286865
-94,1,15,-1,-16,10,4.387487888336182
116,2,21,-3,-24,10,2.538961887359619
135,8,16,-2,-13,18,2.4981300830841064
26,1,17,-4,-19,10,3.9565632343292236
190,5,23,-4,-19,21,2.0522549152374268
-129,7,22,-2,-16,29,2.598252296447754
68,3,27,-2,-28,27,2.2916197776794434
-58,5,21,-4,-29,29,3.536400556564331
74,5,34,-5,-25,20,1.46242094039917
-85,7,43,-2,-23,4,2.5775558948516846
85,7,11,-4,-10,14,1.2529959678649902
71,5,28,-1,-28,18,5.027088403701782
6,4,19,-1,-12,7,8.168604135513306
-105,3,13,-5,-20,2,1.1284964084625244
-14,5,39,-3,-29,29,1.3983404636383057
-152,1,32,-2,-30,8,2.1762568950653076
-19,6,47,-3,-19,26,1.3727905750274658
-4,8,50,-4,-13,16,1.0377304553985596
-8,6,24,-5,-17,6,0.9166824817657471
170,4,27,-1,-20,7,5.170255422592163
-185,2,24,-4,-23,10,0.22019076347351074
133,4,40,-1,-24,27,4.84948205947876
-173,7,41,-1,-12,29,5.231472492218018
-44,6,44,-4,-28,12,1.4629430770874023
133,6,23,-4,-11,14,1.4512660503387451
84,2,43,-2,-30,18,4.022759675979614
95,3,34,-5,-12,14,3.1238176822662354
-90,3,35,-1,-30,21,5.678655385971069
87,1,17,-5,-24,29,1.7789108753204346
-51,9,49,-3,-23,17,2.0685858726501465
104,9,45,-4,-28,12,1.4335176944732666
98,5,23,-4,-28,3,1.3252058029174805
161,3,36,-2,-26,22,2.104689598083496
-147,3,19,-1,-29,13,5.04993748664856
-161,7,19,-3,-26,14,1.8521788120269775
-173,6,42,-1,-12,2,5.267353296279907
-109,2,19,-5,-15,15,1.8515455722808838
129,7,38,-5,-19,8,1.320427417755127
-16,1,19,-2,-11,13,4.258367300033569
-141,4,37,-3,-14,8,2.142967462539673
140,7,36,-4,-17,16,1.2193431854248047
144,9,39,-3,-30,17,2.3759655952453613
187,3,32,-2,-30,28,2.998039722442627
-81,7,17,-1,-27,6,6.090852975845337
-156,9,32,-2,-22,13,2.6148085594177246
-92,4,42,-5,-17,12,1.5087339878082275
-98,5,34,-5,-21,28,4.486687183380127
-27,2,32,-5,-18,12,4.437853097915649
-196,1,23,-1,-18,20,0.22126531600952148
-132,5,47,-5,-17,12,1.0371105670928955
-31,8,19,-5,-14,2,1.1157691478729248
-126,4,24,-1,-23,28,4.945803642272949
-148,5,41,-5,-27,12,1.0083107948303223
-41,3,15,-2,-21,27,2.678823232650757
126,2,19,-2,-10,10,2.043560266494751
153,5,41,-4,-28,10,1.3276398181915283
168,4,31,-5,-18,29,1.2202589511871338
151,3,25,-1,-22,25,7.24960994720459
-73,2,10,-4,-21,18,1.6132879257202148
-83,2,40,-1,-13,24,4.1463212966918945
-170,9,45,-3,-25,28,1.6781256198883057
2,3,32,-2,-21,21,2.055471658706665
69,3,44,-2,-28,21,2.1868622303009033
-85,3,24,-4,-16,3,1.0489308834075928
-38,8,18,-3,-10,17,1.7012197971343994
22,2,43,-4,-28,24,1.1036951541900635
-175,2,41,-5,-22,14,0.8783764839172363
101,3,49,-2,-18,5,2.3274378776550293
-191,7,48,-4,-15,2,0.20271730422973633
36,8,24,-3,-12,15,1.6429729461669922
64,8,40,-3,-20,2,1.704021692276001
137,9,21,-3,-17,5,1.5308997631072998
131,3,19,-1,-15,7,6.365383863449097
23,7,47,-1,-29,12,6.074112892150879
57,2,38,-5,-21,16,2.144388198852539
103,1,29,-2,-13,12,3.319972515106201
-151,9,24,-2,-30,20,2.7205803394317627
42,1,21,-4,-25,24,3.857876777648926
-95,2,32,-4,-24,15,1.1388211250305176
-170,7,18,-1,-20,14,5.361463785171509
42,5,22,-5,-20,14,2.4346892833709717
-138,3,26,-4,-26,6,1.1879632472991943
-8,9,13,-2,-29,8,2.4980008602142334
119,1,30,-4,-18,27,2.172792911529541
-195,4,21,-3,-18,13,0.19206690788269043
26,1,37,-5,-26,7,2.2134859561920166
159,2,49,-2,-26,19,2.4314401149749756
-96,2,41,-1,-13,14,3.9835453033447266
-147,4,32,-4,-18,29,2.8366897106170654
165,8,42,-2,-17,14,2.2433433532714844
87,2,42,-1,-27,20,4.068971633911133
174,3,12,-5,-26,4,1.419457197189331
-188,5,28,-1,-20,13,0.21027469635009766
-166,8,13,-2,-16,27,2.519789218902588
-53,3,22,-2,-19,25,1.9475998878479004
116,6,35,-4,-22,26,1.083939790725708
148,1,50,-5,-27,2,0.9297773838043213
-121,7,24,-4,-20,22,1.5582585334777832
103,1,34,-2,-21,30,2.5635905265808105
46,5,19,-1,-26,13,6.988630533218384
-113,5,41,-5,-10,15,1.405275821685791
79,4,36,-3,-12,29,1.9127590656280518
-109,6,36,-2,-30,30,2.9659698009490967
108,5,43,-1,-23,22,4.755910158157349
104,8,11,-3,-22,27,2.8234946727752686
67,4,34,-5,-19,8,0.9527623653411865
-125,6,30,-4,-18,26,1.196317195892334
-179,9,39,-3,-13,21,1.973599910736084
-63,1,16,-4,-18,21,3.225928783416748
140,6,12,-5,-27,25,1.260371208190918
-171,2,30,-4,-28,25,1.5202608108520508
191,3,30,-4,-15,19,3.0975468158721924
62,7,44,-2,-19,29,2.2628390789031982
145,8,27,-5,-10,23,1.0123600959777832
-7,9,27,-4,-29,21,1.2895376682281494
-47,1,36,-2,-12,25,2.0292294025421143
143,5,49,-4,-21,10,1.2102360725402832
-125,2,23,-3,-12,6,1.3137753009796143
-40,5,18,-2,-15,29,4.1049933433532715
172,5,50,-5,-18,5,2.9346625804901123
-1,9,14,-1,-10,20,6.429396867752075
57,6,37,-2,-22,15,2.430910587310791
-147,9,35,-3,-12,5,2.3182458877563477
15,1,37,-3,-14,3,1.4538202285766602
115,7,32,-1,-11,9,5.417295694351196
129,4,25,-1,-29,3,4.742752313613892
-140,6,42,-3,-17,29,1.6660757064819336
77,9,18,-1,-27,3,5.702111721038818
57,8,15,-5,-13,18,2.5563035011291504
62,3,38,-2,-22,7,2.4988763332366943
105,8,15,-4,-30,18,2.2715892791748047
181,5,37,-3,-17,6,1.7626893520355225
18,9,45,-2,-14,29,2.584169864654541
-3,7,42,-2,-28,26,2.7707996368408203
-78,3,36,-5,-14,15,0.9836571216583252
83,4,21,-5,-19,9,1.4073898792266846
142,9,13,-2,-30,16,2.9530677795410156
114,8,13,-3,-25,28,2.483680248260498
-84,4,35,-3,-11,3,1.9076616764068604
194,9,31,-5,-17,9,1.2051966190338135
-172,6,24,-2,-20,26,2.64774489402771
161,6,13,-1,-24,29,5.692697525024414
56,3,20,-4,-17,6,2.9827775955200195
59,7,17,-5,-30,12,1.3508899211883545
2,4,47,-1,-21,11,4.999652862548828
-167,5,50,-5,-11,8,0.9032993316650391
-16,1,23,-1,-17,22,4.155559539794922
86,3,17,-3,-29,16,4.935056924819946
-28,8,32,-2,-28,16,2.8417282104492188
14,1,46,-3,-12,26,3.4104273319244385
157,4,46,-2,-26,7,2.2398154735565186
-181,9,37,-3,-24,15,0.20366454124450684
181,7,45,-3,-21,10,2.2198023796081543
-185,2,38,-5,-22,12,0.20848822593688965
-164,9,45,-4,-13,10,1.2157340049743652
84,6,25,-2,-17,5,2.675527334213257
-57,9,33,-4,-21,12,1.4414513111114502
35,6,41,-5,-15,24,1.2546610832214355
85,5,16,-5,-20,22,1.7617218494415283
-167,8,29,-5,-27,23,1.1978938579559326
12,4,16,-2,-18,21,2.1732985973358154
-36,3,13,-1,-23,16,5.179401397705078
46,6,22,-1,-26,14,5.630876779556274
102,3,17,-3,-15,8,1.449439525604248
-113,5,23,-5,-24,14,1.619535207748413
-57,2,13,-2,-11,19,2.4163084030151367
-135,7,10,-4,-26,21,3.837012529373169
105,8,42,-1,-25,11,6.479238510131836
40,7,49,-3,-20,6,1.5567197799682617
-146,6,21,-1,-25,17,4.63721489906311
53,2,20,-2,-13,23,1.9865658283233643
-196,2,48,-1,-22,7,0.23102760314941406
-138,8,22,-5,-17,22,1.091137409210205
-60,6,47,-2,-25,26,2.326655864715576
160,3,49,-4,-27,7,1.1022443771362305
127,6,39,-2,-25,16,2.386038303375244
-85,4,11,-5,-18,3,0.9305593967437744
-152,9,32,-4,-19,12,1.7629685401916504
67,7,28,-2,-11,3,2.669992685317993
-98,3,27,-3,-22,15,1.804234504699707
126,7,47,-1,-25,25,4.920530080795288
-143,7,22,-5,-21,26,1.1374750137329102
-75,3,21,-5,-19,12,4.345044851303101
-11,1,18,-4,-21,21,5.584909439086914
188,2,24,-5,-27,5,1.58207106590271
-18,5,36,-4,-27,19,2.8687407970428467
150,8,46,-4,-18,4,1.478470802307129
84,4,39,-2,-30,22,2.6699764728546143
170,4,42,-3,-12,20,3.0145349502563477
-142,2,33,-5,-13,28,5.4354002475738525
-7,6,11,-1,-13,8,7.137882471084595
-96,7,40,-4,-11,12,1.4064428806304932
-124,5,19,-4,-24,18,2.238915205001831
86,5,36,-3,-21,3,1.767580509185791
90,5,37,-5,-22,18,1.3467285633087158
134,4,23,-1,-14,8,5.63491153717041
-19,6,40,-4,-19,29,1.3250370025634766
194,3,26,-5,-22,25,1.073798418045044
116,9,14,-4,-11,6,2.150207757949829
19,1,36,-1,-23,27,6.4526894092559814
-135,4,16,-2,-16,24,2.635326862335205
-36,7,37,-2,-27,28,2.1707828044891357
6,4,34,-4,-21,27,1.5068233013153076
165,8,44,-1,-10,8,6.398548603057861
180,5,29,-5,-14,20,2.443505048751831
-112,3,33,-1,-20,20,5.1181960105896
-53,8,36,-2,-27,26,2.470472812652588
2,6,21,-4,-25,19,2.0366828441619873
21,8,29,-2,-25,15,2.7266881465911865
6,8,41,-4,-30,20,1.9798376560211182
7,8,37,-5,-14,25,1.097710132598877
3,2,30,-3,-17,16,1.35652494430542
-51,1,19,-3,-29,26,1.5638489723205566
-50,8,10,-1,-26,20,6.42033314704895
-127,3,32,-5,-11,20,0.9532756805419922
99,1,26,-5,-18,10,2.648045063018799
-31,5,43,-1,-28,27,4.732629299163818
-170,7,27,-3,-29,25,1.4320642948150635
114,9,33,-2,-13,27,3.3606996536254883
160,9,31,-1,-30,29,6.158356666564941
34,4,40,-2,-30,22,3.104520797729492
-106,9,17,-2,-25,16,2.9685416221618652
53,2,23,-3,-20,24,2.089979887008667
-155,7,12,-4,-27,28,1.2364037036895752
61,9,34,-3,-23,9,1.7456955909729004
-8,9,11,-4,-17,19,1.6949281692504883
31,5,35,-4,-12,17,2.6681225299835205
-198,2,16,-2,-13,25,0.20630860328674316
-143,5,47,-2,-14,18,2.6787354946136475
-163,2,20,-2,-21,20,4.285796880722046
-7,8,31,-4,-18,8,2.270225763320923
59,5,17,-2,-30,14,3.0598909854888916
35,2,29,-3,-27,30,1.7043523788452148
112,6,14,-1,-22,14,5.8688788414001465
149,9,31,-3,-23,16,1.5263843536376953
-188,8,49,-5,-19,7,0.2239224910736084
139,3,26,-1,-12,25,4.271100759506226
63,4,15,-4,-24,28,1.5595901012420654
-9,6,40,-3,-18,16,1.9616425037384033
-1,1,49,-2,-15,18,1.7484004497528076
6,2,24,-3,-14,24,1.462217092514038
-15,3,29,-3,-16,19,2.52677583694458
-113,6,26,-4,-26,28,1.4180138111114502
50,8,41,-1,-20,3,6.263827800750732
133,9,33,-2,-20,28,2.4468564987182617
-153,6,18,-3,-26,9,1.5286026000976562
-145,9,33,-1,-25,15,6.527788877487183
185,3,46,-2,-13,24,2.570061683654785
-36,2,25,-2,-11,20,2.215184211730957
-79,3,41,-5,-23,28,1.0278987884521484
140,3,17,-1,-20,11,4.506077289581299
-4,5,48,-2,-20,9,2.563086986541748
-71,3,15,-1,-29,6,4.5376410484313965
125,4,42,-3,-30,28,1.8493094444274902
-163,1,47,-2,-21,15,2.133145332336426
-176,5,19,-5,-17,4,1.3201653957366943
-192,5,10,-3,-11,27,0.19707369804382324
103,6,47,-4,-18,11,1.5260710716247559
132,7,50,-5,-15,4,1.1141681671142578
123,5,30,-5,-15,11,1.3178317546844482
61,6,10,-5,-29,27,2.8608429431915283
140,3,50,-4,-16,12,1.3297507762908936
-69,4,21,-2,-25,17,2.8319544792175293
13,2,45,-1,-12,6,3.9313204288482666
18,3,41,-4,-21,8,2.0823872089385986
-58,5,16,-2,-29,27,2.969677686691284
199,2,40,-5,-11,10,2.742257833480835
129,3,41,-5,-24,8,1.8764700889587402
-117,8,49,-2,-23,9,2.390638828277588
-50,1,22,-3,-13,2,1.7481739521026611
-46,5,31,-5,-22,17,1.132260799407959
-36,5,50,-5,-14,22,1.016737699508667
-62,7,20,-3,-13,30,1.9866859912872314
-22,1,12,-2,-27,7,2.3277206420898438
-100,4,15,-4,-10,12,2.300884962081909
109,6,36,-3,-17,17,1.6406190395355225
74,3,49,-1,-11,11,4.490372657775879
148,6,22,-1,-14,2,5.277380466461182
-103,6,25,-3,-25,26,1.4603991508483887
187,7,14,-5,-14,12,1.4294617176055908
176,1,24,-3,-27,21,1.3890743255615234
-131,8,11,-2,-24,10,2.5845947265625
141,2,22,-4,-20,21,3.0670347213745117
184,4,17,-1,-23,3,5.0057432651519775
-186,9,32,-3,-16,3,0.24022650718688965
114,5,13,-1,-22,23,4.300912857055664
101,8,47,-4,-17,19,1.274289846420288
-36,8,32,-5,-29,26,2.239696741104126
97,2,40,-3,-13,10,1.909588098526001
-32,4,30,-2,-13,25,2.0831754207611084
-175,1,34,-1,-24,27,5.420790910720825
-2,7,31,-3,-10,16,1.5307037830352783
99,3,40,-1,-30,28,4.603891611099243
-73,4,31,-5,-19,5,1.2203137874603271
-162,6,36,-1,-27,29,5.3812830448150635
155,3,14,-2,-21,10,3.275177478790283
48,2,25,-2,-20,21,2.4745829105377197
91,6,33,-5,-23,21,1.9673898220062256
23,5,15,-5,-23,5,1.2297430038452148
102,3,29,-3,-13,14,1.4761378765106201
172,4,20,-3,-15,18,1.5605604648590088
-11,7,14,-1,-25,4,6.03710412979126
14,2,12,-1,-17,4,5.846867561340332
-198,4,22,-1,-24,15,0.228590726852417
-121,3,26,-1,-14,24,4.14884877204895
133,4,43,-3,-21,3,2.226459503173828
34,6,30,-4,-26,26,1.505286455154419
20,4,36,-4,-14,17,2.005920886993408
-117,8,16,-4,-11,30,1.3265340328216553
-47,7,19,-4,-25,17,1.4705564975738525
180,9,50,-1,-21,13,5.7477264404296875
26,7,22,-3,-13,23,1.9475550651550293
31,7,20,-4,-28,25,3.1900510787963867
-59,4,46,-3,-24,12,1.3169922828674316
196,4,49,-3,-19,3,2.3047807216644287
-79,7,17,-4,-29,22,1.6107087135314941
-170,3,39,-3,-28,19,2.105431079864502
-137,1,41,-4,-25,25,2.533921241760254
-59,8,31,-2,-15,9,2.1439478397369385
-142,6,24,-5,-15,12,4.020733833312988
77,9,36,-4,-15,16,1.3251538276672363
-9,4,21,-5,-29,25,1.6086485385894775
-104,9,46,-5,-26,11,1.2321252822875977
-51,1,43,-2,-17,17,3.5139551162719727
-44,2,35,-5,-26,15,1.442826747894287
93,9,30,-5,-17,20,1.054905652999878
-116,3,50,-1,-26,2,6.738216876983643
-141,1,13,-5,-22,19,2.959479570388794
186,3,34,-5,-28,28,1.3009531497955322
-141,5,22,-2,-13,30,2.751457929611206
50,6,17,-2,-19,18,2.4531149864196777
-171,9,17,-1,-20,27,6.149883270263672
186,2,42,-5,-11,18,1.4172511100769043
-95,4,45,-3,-19,16,1.3962998390197754
121,4,24,-2,-12,30,2.0949454307556152
-133,3,47,-5,-10,24,3.0770373344421387
194,5,21,-5,-16,3,1.1810290813446045
-83,3,19,-4,-21,29,1.8036556243896484
152,1,23,-3,-27,12,3.464524745941162
-175,3,15,-5,-21,4,0.996121883392334
-178,1,49,-4,-29,13,0.21047377586364746
39,3,41,-2,-17,8,2.017963409423828
-184,9,34,-1,-22,17,0.21840429306030273
25,8,19,-3,-20,22,1.6928153038024902
-88,5,47,-1,-19,20,4.4046876430511475
-53,7,23,-3,-11,27,3.545374870300293
170,3,14,-1,-30,13,7.176580429077148
-194,4,31,-4,-18,2,0.20106911659240723
-71,8,37,-2,-30,9,3.01100754737854
-112,6,11,-1,-24,14,6.220364332199097
-49,7,14,-5,-16,15,1.1569695472717285
16,1,26,-5,-25,4,1.5499837398529053
125,8,18,-3,-10,30,1.6815235614776611
-185,8,28,-2,-24,6,0.2051084041595459
7,2,40,-2,-25,23,3.966611623764038
-12,2,44,-3,-20,17,2.2549192905426025
182,6,25,-4,-15,5,1.59324312210083
33,7,16,-2,-28,21,2.575636625289917
103,2,36,-3,-27,11,1.3257420063018799
197,4,46,-4,-30,11,1.2823529243469238
32,3,20,-5,-28,12,2.1355624198913574
-132,9,27,-1,-21,17,7.0938849449157715
-185,8,15,-3,-12,3,1.7860214710235596
139,2,30,-1,-28,20,7.669156074523926
-122,9,16,-5,-16,28,1.318948745727539
5,4,35,-2,-27,26,2.2014241218566895
41,4,39,-2,-29,17,2.1245765686035156
16,4,30,-2,-26,11,3.281869411468506
-183,8,37,-1,-16,9,5.7342000007629395
-137,2,14,-3,-10,24,1.9887046813964844
85,7,14,-2,-10,16,2.6870830059051514
87,2,26,-4,-16,20,2.536245584487915
27,7,13,-2,-29,2,4.492441177368164
-188,3,47,-3,-13,11,0.2100811004638672
-136,7,46,-3,-25,13,1.8218746185302734
9,3,39,-2,-16,21,2.083338737487793
179,4,46,-5,-24,22,0.9499731063842773