0
20
-10
-10
25
-10
200
50
-5
0
20
25
210
5
20
200
20
10
15
20
20
40
30
30
45
30
-10
65
5
40
45
30
25
200
220
45
5
20
30
215
25
30
65
35
80
15
30
25
25
25
25
0
15
10
30
-10
10
115
-5
35
30
215
35
15
210
25
5
35
65
15
-5
30
30
25
-10
15
10
15
20
20
20
210
150
85
5
-10
35
55
25
-5
30
15
-5
5
35
220
0
35
-5
0
25
200
35
-10
-5
60
0
15
55
0
10
30
30
35
10
-10
-10
30
25
25
10
210
10
55
15
15
0
75
220
20
0
70
15
205
10
210
20
5
110
15
10
215
215
145
55
55
220
110
30
30
-5
-5
10
10
200
200
-10
-5
30
220
30
-5
5
30
45
155
60
200
25
-5
-5
40
35
35
0
0
0
-5
-10
35
15
10
-10
5
25
150
20
20
35
-5
205
15
15
10
35
215
210
45
20
55
15
35
25
15
30
35
20
30
15
210
0
20
30
-10
10
200
20
20
5
10
80
25
25
50
10
85
40
130
25
50
210
35
5
205
25
10
50
25
25
20
-5
-10
0
30
220
100
30
10
25
20
35
10
25
15
-5
20
20
30
0
210
30
25
5
200
25
60
20
70
15
45
20
35
25
20
20
25
200
25
35
5
0
30
25
10
25
5
30
0
215
20
200
20
20
15
25
90
20
35
5
20