1.8226871490478516,51
1.5642948150634766,54
2.575812339782715,17
1.2021372318267822,20
1.4023053646087646,8
2.813756227493286,47
5.4341161251068115,4
2.555621862411499,12
1.2131400108337402,32
6.427398204803467,12
3.7559750080108643,15
2.489119052886963,36
4.115943670272827,22
2.081270217895508,21
1.483715295791626,53
3.4883198738098145,27
1.9452934265136719,40
9.491955041885376,4
8.890331029891968,11
1.0445690155029297,57
5.286133527755737,18
1.3366148471832275,14
2.6433639526367188,23
2.8984363079071045,54
2.2229130268096924,62
0.7399365901947021,62
0.6157472133636475,68
5.6027069091796875,11
2.5284297466278076,33
2.344653367996216,16
3.3271915912628174,61
6.629819393157959,54
1.7552013397216797,31
1.6120426654815674,12
1.437150239944458,59
2.758119583129883,11
5.417551040649414,49
1.1275317668914795,62
3.343254566192627,48
2.874992847442627,44
4.400850296020508,44
7.5990681648254395,21
4.005819797515869,20
1.715142011642456,31
2.4442412853240967,38
1.6962363719940186,48
1.114164113998413,28
1.7281224727630615,48
10.027392387390137,9
8.578153848648071,58
1.8215477466583252,38
1.6590406894683838,39
1.742948055267334,33
4.984949350357056,6
1.9108057022094727,9
2.9017412662506104,13
1.0440995693206787,58
1.8478305339813232,50
1.988285779953003,43
1.3647325038909912,24
0.7612309455871582,65
3.3185837268829346,10
0.9335169792175293,51
4.699775695800781,28
4.387490272521973,5
2.09855580329895,54
7.21141505241394,4
2.043903350830078,64
1.6195659637451172,19
2.340487241744995,9
1.8377251625061035,52
2.698457956314087,21
7.261809587478638,2
1.2026376724243164,52
1.7421984672546387,21
16.86287569999695,13
2.608848810195923,18
4.803914546966553,20
2.029808759689331,43
2.706207513809204,53
2.2497594356536865,69
10.900092601776123,13
1.353813886642456,19
2.58858060836792,2
1.5903828144073486,57
1.1573545932769775,19
4.530763149261475,45
3.241024971008301,37
2.3405075073242188,20
3.783848524093628,20
4.339216470718384,41
7.157332897186279,4
4.119121789932251,19
2.5637481212615967,60
4.2336671352386475,9
2.3889760971069336,43
2.685682773590088,66
4.080832004547119,30
6.186119794845581,4
2.2151899337768555,21
2.1231627464294434,30
5.324013948440552,34
3.455940008163452,56
2.9725072383880615,40
1.6810784339904785,64
2.2266221046447754,68
1.093712568283081,48
1.3783009052276611,7
1.4977478981018066,4
1.9070806503295898,46
1.4896175861358643,15
0.846560001373291,62
4.085799694061279,47
1.290745735168457,15
2.814779758453369,14
1.80342698097229,66
5.0751495361328125,18
10.653372287750244,12
0.9278523921966553,64
2.646399736404419,25
1.341139793395996,12
1.36897611618042,1
3.4134387969970703,17
10.95830512046814,10
1.379741907119751,12
1.5644984245300293,32
1.9319257736206055,44
4.068255662918091,35
0.9355792999267578,67
1.5040335655212402,56
3.0457403659820557,14
10.766497135162354,12
0.947791576385498,68
8.341073989868164,9
2.0443978309631348,45
3.9465603828430176,27
2.3708224296569824,4
3.2552244663238525,37
3.7191436290740967,21
1.3228342533111572,6
1.3135278224945068,22
1.3036410808563232,70
1.8537085056304932,48
1.4667203426361084,23
2.5414230823516846,41
5.242310285568237,49
4.785316705703735,17
1.3583831787109375,4
0.7097837924957275,59
2.3794193267822266,3
1.6972761154174805,38
2.3754231929779053,25
0.6874134540557861,63
0.7232992649078369,65
4.417929649353027,24
2.0945546627044678,14
1.688878059387207,62
2.6240110397338867,69
2.0266520977020264,15
1.7817656993865967,67
11.252949476242065,5
5.76365065574646,19
1.6657068729400635,68
10.220234394073486,13
0.9791214466094971,57
1.2589921951293945,66
2.2157793045043945,21
1.6440136432647705,22
3.3867735862731934,21
3.4273762702941895,58
2.4169671535491943,53
4.08029842376709,22
2.613240957260132,22
1.1520466804504395,65
1.9592771530151367,26
1.6975009441375732,9
1.4284083843231201,36
0.9965775012969971,70
1.9302716255187988,52
1.8963847160339355,51
8.136477947235107,5
3.144998073577881,18
2.308912992477417,65
6.773745536804199,2
3.883021116256714,41
1.6863365173339844,23
0.7001442909240723,64
1.4158039093017578,69
5.747591018676758,23
3.6006271839141846,8
6.269806861877441,2
2.575526237487793,39
3.8596339225769043,24
1.4749517440795898,2
4.193490028381348,20
2.5177886486053467,6
7.758714199066162,14
3.6732401847839355,1
5.383779525756836,4
2.7921745777130127,20
1.2756106853485107,65
4.323727607727051,37
7.478191614151001,13
1.2834482192993164,34
3.9149575233459473,54
3.8094403743743896,8
4.452775955200195,55
6.170176029205322,21
3.765213966369629,21
2.140296220779419,6
2.0279462337493896,15
4.32727313041687,14
2.7815067768096924,45
1.9011471271514893,62
1.755756139755249,62
1.8781938552856445,63
4.0119194984436035,9
1.4425861835479736,40
1.3253891468048096,2
3.510812282562256,46
1.2786383628845215,67
1.3809096813201904,37
1.6452016830444336,62
6.274563312530518,52
2.212336540222168,64
1.3964478969573975,39
0.9576277732849121,48
2.2350070476531982,49
1.584904432296753,69
3.082364559173584,56
2.003911256790161,38
1.6629760265350342,15
3.7993621826171875,52
4.675445556640625,57
3.9612462520599365,5
0.8676812648773193,68
1.6384198665618896,41
9.963577508926392,24
0.7225611209869385,62
0.9237172603607178,52
0.8455569744110107,52
9.109663248062134,5
1.5192360877990723,4
1.489567756652832,57
2.2235605716705322,65
0.9166367053985596,42
4.47477912902832,6
2.51127028465271,8
1.4598627090454102,42
2.2412285804748535,13
13.253133535385132,8
2.0969395637512207,31
4.676616907119751,3
1.2261302471160889,65
1.0918817520141602,66
2.066348075866699,37
2.562399387359619,39
1.7439987659454346,62
2.803100347518921,61
1.459855556488037,22
1.569148302078247,58
2.313800573348999,41
14.220755577087402,15
1.398252010345459,38
1.4285292625427246,39
1.1192164421081543,46
0.9915471076965332,69
0.624537467956543,70
3.027191400527954,48
3.1465208530426025,38
3.187722682952881,34
3.433492660522461,70
2.3957560062408447,26
2.5684406757354736,9
7.309598207473755,50
2.0030441284179688,52
4.710947751998901,31
5.138414144515991,12
1.5658354759216309,56
4.373200178146362,52
2.856541156768799,32
1.467747688293457,39
1.6105563640594482,43
6.809642553329468,12
1.5063459873199463,63
0.8744800090789795,66
3.694676637649536,14
1.686971664428711,13
1.5460178852081299,11
1.3410155773162842,19
0.90521240234375,46
2.7290146350860596,8
2.3222506046295166,40
1.628235101699829,61
1.7148363590240479,58
1.571791648864746,58
2.0605056285858154,62
8.312421083450317,31
4.031991481781006,43
2.683741807937622,60
