1.8172705173492432,10.0
1.5695226192474365,40.0
2.5473644733428955,25.0
1.7918345928192139,40.0
4.764814376831055,25.0
4.522443771362305,10.0
1.8581876754760742,35.0
11.758674621582031,15.0
1.6595282554626465,35.0
1.8289039134979248,15.0
2.2626760005950928,35.0
2.978793144226074,15.0
3.144085168838501,35.0
7.59163236618042,5.0
1.8061439990997314,35.0
6.872225999832153,5.0
2.408367395401001,20.0
1.9130427837371826,40.0
2.368589401245117,15.0
5.131990671157837,5.0
1.9996716976165771,30.0
3.8251495361328125,35.0
3.3435018062591553,5.0
1.4279520511627197,30.0
2.6812682151794434,40.0
1.7290968894958496,20.0
4.625359058380127,30.0
1.6162796020507812,35.0
2.2337963581085205,30.0
1.825467824935913,15.0
1.531991720199585,10.0
4.528785467147827,25.0
2.4322423934936523,40.0
1.7030141353607178,35.0
2.4361510276794434,35.0
1.45503568649292,30.0
1.5353717803955078,25.0
4.737818241119385,5.0
2.1147100925445557,40.0
2.0176889896392822,10.0
1.6842217445373535,15.0
2.2828574180603027,20.0
2.6035399436950684,25.0
2.7013916969299316,35.0
1.4000227451324463,20.0
2.139404058456421,15.0
3.0301716327667236,30.0
5.9432151317596436,10.0
3.5653889179229736,5.0
5.074647903442383,15.0
4.179360866546631,5.0
2.0568671226501465,10.0
1.5182242393493652,30.0
2.1974172592163086,35.0
2.0791945457458496,30.0
1.5243585109710693,40.0
6.767807245254517,5.0
1.741485357284546,30.0
6.682669639587402,10.0
2.396658420562744,20.0
1.882540225982666,20.0
6.40284276008606,5.0
4.244930744171143,30.0
1.7397520542144775,35.0
1.5949065685272217,30.0
1.6348345279693604,35.0
2.462770700454712,35.0
2.74899959564209,10.0
2.170081853866577,30.0
4.083585739135742,30.0
1.7705209255218506,40.0
3.9591877460479736,30.0
4.911175966262817,30.0
2.0345802307128906,30.0
1.5741658210754395,25.0
1.4562788009643555,10.0
2.4294023513793945,40.0
4.435699939727783,15.0
1.51165771484375,10.0
1.7487413883209229,25.0
1.613593578338623,20.0
1.8407871723175049,5.0
3.624990940093994,30.0
3.4653944969177246,30.0
1.6066818237304688,10.0
1.9959473609924316,25.0
2.1748290061950684,30.0
1.4439499378204346,25.0
3.535048246383667,30.0
1.4469187259674072,5.0
6.904120683670044,20.0
1.7016592025756836,25.0
2.285891056060791,40.0
1.9093616008758545,25.0
2.8202011585235596,5.0
1.845113754272461,25.0
3.5024657249450684,35.0
1.923940896987915,30.0
1.9477455615997314,20.0
9.623048543930054,5.0
1.6007153987884521,30.0
2.2811241149902344,30.0
4.472139596939087,5.0
2.467564105987549,30.0
1.4834067821502686,30.0
2.455157995223999,30.0
1.7459056377410889,20.0
1.8483545780181885,20.0
2.132056713104248,40.0
3.889784812927246,20.0
1.9766743183135986,35.0
1.4890403747558594,25.0
1.8085527420043945,20.0
1.7023639678955078,35.0
4.250351428985596,5.0
4.187618732452393,20.0
1.465160846710205,30.0
5.869199752807617,5.0
2.439338207244873,35.0
1.8625211715698242,15.0
2.2903194427490234,35.0
2.160973310470581,40.0
5.116235733032227,10.0
1.6777098178863525,30.0
1.374629020690918,30.0
1.6147222518920898,10.0
2.5899505615234375,25.0
1.980686902999878,35.0
5.440028190612793,10.0
4.248224258422852,15.0
2.4156994819641113,10.0
3.5610406398773193,10.0
4.588124990463257,25.0
1.8474047183990479,15.0
5.613000869750977,15.0
2.0397536754608154,35.0
1.5777087211608887,25.0
6.600274562835693,10.0
8.2470223903656,5.0
1.5984609127044678,25.0
2.643678665161133,15.0
2.1523499488830566,30.0
1.5501058101654053,20.0
2.5633506774902344,5.0
1.526181936264038,35.0
1.556234359741211,5.0
2.1046226024627686,30.0
1.4716057777404785,40.0
2.013902425765991,30.0
4.634079217910767,25.0
2.5611212253570557,25.0
4.4061055183410645,25.0
5.645150423049927,5.0
10.966726779937744,5.0
2.1894636154174805,10.0
1.9168660640716553,40.0
2.13576078414917,30.0
1.9551255702972412,25.0
3.2852282524108887,10.0
1.6325461864471436,40.0
2.0196399688720703,15.0
1.9294757843017578,35.0
2.090346097946167,5.0
2.504465103149414,25.0
4.786495923995972,20.0
2.7797441482543945,25.0
1.8862028121948242,35.0
1.6450247764587402,15.0
3.217846632003784,25.0
2.2954185009002686,40.0
2.9530744552612305,20.0
1.5400335788726807,30.0
1.8721086978912354,20.0
3.078993082046509,10.0
2.6667211055755615,25.0
1.6680262088775635,5.0
1.6922080516815186,30.0
1.6256177425384521,40.0
2.7338690757751465,5.0
1.6570172309875488,35.0
11.790662050247192,5.0
5.596782922744751,5.0
13.137153148651123,10.0
1.5231380462646484,35.0
2.0961925983428955,20.0
1.494767189025879,5.0
2.07822847366333,30.0
1.7500741481781006,25.0
2.162344217300415,35.0
1.4999496936798096,25.0
1.6007301807403564,40.0
1.720686912536621,15.0
4.349080324172974,5.0
1.7412075996398926,5.0
1.4705584049224854,20.0
3.9512715339660645,15.0
1.779101848602295,40.0
3.048227548599243,40.0
1.387775182723999,5.0
1.6387019157409668,25.0
4.233107805252075,20.0
1.749725580215454,10.0
2.373657464981079,15.0
2.307032346725464,30.0
2.102184772491455,5.0
2.0042054653167725,30.0
2.8221852779388428,35.0
1.985400915145874,5.0
4.688865900039673,15.0
7.719716548919678,25.0
2.201916217803955,40.0
3.3307366371154785,35.0
2.4550745487213135,20.0
3.3195688724517822,20.0
2.8502235412597656,40.0
1.8559441566467285,25.0
1.9523601531982422,5.0
1.900705337524414,35.0
5.322579383850098,30.0
1.4470207691192627,10.0
3.777608633041382,25.0
1.644310474395752,25.0
2.139805555343628,30.0
2.1825103759765625,30.0
2.6928884983062744,35.0
2.7121758460998535,30.0
1.7290806770324707,5.0
1.6430578231811523,35.0
2.3046469688415527,30.0
2.6852407455444336,30.0
1.4094414710998535,10.0
2.2844340801239014,5.0
3.36584734916687,5.0
1.625647783279419,20.0
1.7449779510498047,10.0
3.2014729976654053,15.0
2.3600552082061768,20.0
1.5841641426086426,20.0
2.144904375076294,35.0
2.74847149848938,25.0
1.5760643482208252,25.0
1.3594868183135986,25.0
2.101238250732422,40.0
5.866678237915039,25.0
10.53335952758789,5.0
3.4938082695007324,25.0
1.7628765106201172,40.0
4.572968244552612,25.0
1.7634994983673096,30.0
1.7490181922912598,20.0
1.9495899677276611,5.0
1.793243169784546,25.0
3.8508403301239014,10.0
10.50161337852478,15.0
5.397402763366699,10.0
2.1104722023010254,40.0
1.8783893585205078,40.0
1.7591204643249512,40.0
5.874933481216431,5.0
2.219351291656494,35.0
2.087526321411133,30.0
1.5969643592834473,35.0
1.811016321182251,30.0
1.528721809387207,35.0
3.693079710006714,35.0
2.117037057876587,30.0
1.817138910293579,25.0
8.55259895324707,10.0
1.5823218822479248,25.0
2.783194065093994,5.0
1.5323100090026855,20.0
2.439703941345215,20.0
1.504551887512207,40.0
1.4275875091552734,15.0
2.6127681732177734,10.0
1.6232411861419678,10.0
1.6697163581848145,40.0
1.7851924896240234,40.0
8.44398045539856,5.0
3.7064015865325928,10.0
1.8549447059631348,10.0
2.304965019226074,25.0
11.173852443695068,10.0
2.6607742309570312,30.0
1.6331210136413574,15.0
1.7956650257110596,35.0
1.97589111328125,30.0
2.462040424346924,25.0
1.5355427265167236,10.0
6.002695798873901,10.0
2.2234907150268555,35.0
2.6933319568634033,35.0
1.8300466537475586,35.0
1.538750410079956,20.0
2.0522475242614746,25.0
2.2085940837860107,40.0
5.022295951843262,10.0
3.500347137451172,25.0
1.619027853012085,25.0
1.8443999290466309,30.0